function q0 = initialConditions
    %   INITIAL CONDITIONS 
    %   Starting conditions for joint angles

    q0 = [  -0.291803424065119;
            0.449746099496650;
            -0.305307619834841;
            0.291543837084965;
            -0.449209320588495;
            0.305401194726900];
end

